TotalHet,100,200,300,400,500,600,700,800,900,1000
0,47.3,89.64,91.22,91.22,91.22,91.22,91.22,91.22,91.22,91.22
1,46.49,91.14,96.23,96.23,96.23,96.23,96.23,96.23,96.23,96.23
2,42.12,80.75,123.76,165.26,207.97,248.11,286.25,332.13,378.84,409.48
3,49.25,65.76,65.76,65.76,65.76,65.76,65.76,65.76,65.76,65.76
4,40.62,66.22,97.89,104.24,104.24,104.24,104.24,104.24,104.24,104.24
5,48.01,67.36,67.36,67.36,67.36,67.36,67.36,67.36,67.36,67.36
6,27.46,27.95,27.95,27.95,27.95,27.95,27.95,27.95,27.95,27.95
7,25.47,62.68,88.52,126.31,147.01,147.01,147.01,147.01,147.01,147.01
8,29.5,29.5,29.5,29.5,29.5,29.5,29.5,29.5,29.5,29.5
9,30.52,33.26,33.26,33.26,33.26,33.26,33.26,33.26,33.26,33.26
10,30.79,39.3,39.3,39.3,39.3,39.3,39.3,39.3,39.3,39.3
11,47.26,87.66,126.75,135.98,135.98,135.98,135.98,135.98,135.98,135.98
12,47.71,95.53,110.55,110.55,110.55,110.55,110.55,110.55,110.55,110.55
13,48.79,96.22,130,139.34,139.34,139.34,139.34,139.34,139.34,139.34
14,31.62,31.62,31.62,31.62,31.62,31.62,31.62,31.62,31.62,31.62
15,48.79,91.92,128.25,144.77,144.77,144.77,144.77,144.77,144.77,144.77
16,30.29,65.69,97.98,105.74,105.74,105.74,105.74,105.74,105.74,105.74
17,48.63,84.39,126.37,154.19,159.27,159.27,159.27,159.27,159.27,159.27
18,48.2,66.49,66.49,66.49,66.49,66.49,66.49,66.49,66.49,66.49
19,35.14,63.27,86.49,86.49,86.49,86.49,86.49,86.49,86.49,86.49
20,49.91,95.46,143.39,156.06,156.06,156.06,156.06,156.06,156.06,156.06
21,39.82,44.68,44.68,44.68,44.68,44.68,44.68,44.68,44.68,44.68
22,44.94,87.41,90.7,90.7,90.7,90.7,90.7,90.7,90.7,90.7
23,30.64,44.72,44.72,44.72,44.72,44.72,44.72,44.72,44.72,44.72
24,45.38,91.65,101.59,101.59,101.59,101.59,101.59,101.59,101.59,101.59
25,49.21,86.54,96.31,96.31,96.31,96.31,96.31,96.31,96.31,96.31
26,36.61,39.9,39.9,39.9,39.9,39.9,39.9,39.9,39.9,39.9
27,24.2,24.2,24.2,24.2,24.2,24.2,24.2,24.2,24.2,24.2
28,44.33,50.86,50.86,50.86,50.86,50.86,50.86,50.86,50.86,50.86
29,43.95,65.02,93.87,133.19,158,195.29,211.27,211.27,211.27,211.27
30,48.44,84.86,84.99,84.99,84.99,84.99,84.99,84.99,84.99,84.99
31,27.23,40.28,40.78,40.78,40.78,40.78,40.78,40.78,40.78,40.78
32,39.96,71.76,102.49,146.1,186.6,232.82,263.15,308.43,333.16,333.16
33,47.07,94.54,140.43,182.88,207.94,220.38,220.38,220.38,220.38,220.38
34,46.8,95.02,133.44,150.56,170.88,170.88,170.88,170.88,170.88,170.88
35,12.95,12.95,12.95,12.95,12.95,12.95,12.95,12.95,12.95,12.95
36,44.25,62.6,62.6,62.6,62.6,62.6,62.6,62.6,62.6,62.6
37,49.11,58.25,58.25,58.25,58.25,58.25,58.25,58.25,58.25,58.25
38,43.3,84.26,131.49,143.56,143.56,143.56,143.56,143.56,143.56,143.56
39,29.86,65.2,84.41,84.41,84.41,84.41,84.41,84.41,84.41,84.41
40,47.5,92.55,103.9,103.9,103.9,103.9,103.9,103.9,103.9,103.9
41,41.09,77.12,77.48,77.48,77.48,77.48,77.48,77.48,77.48,77.48
42,47.38,52.04,52.04,52.04,52.04,52.04,52.04,52.04,52.04,52.04
43,31.42,31.42,31.42,31.42,31.42,31.42,31.42,31.42,31.42,31.42
44,41.56,84.14,119.39,119.67,119.67,119.67,119.67,119.67,119.67,119.67
45,47.82,87.06,115.65,155,190.54,190.54,190.54,190.54,190.54,190.54
46,37.94,83.87,122.51,125.36,125.36,125.36,125.36,125.36,125.36,125.36
47,42.31,89.65,126.97,174.34,220.28,254.57,265.51,265.51,265.51,265.51
48,37.57,40.33,40.33,40.33,40.33,40.33,40.33,40.33,40.33,40.33
49,28.75,28.75,28.75,28.75,28.75,28.75,28.75,28.75,28.75,28.75
50,37.56,62.64,66.34,66.34,66.34,66.34,66.34,66.34,66.34,66.34
51,41.13,45.66,45.66,45.66,45.66,45.66,45.66,45.66,45.66,45.66
52,40.83,85.11,126.19,171.41,218.76,250.37,251.27,251.27,251.27,251.27
53,49.2,94.95,127.79,159.15,202.45,237.74,239,239,239,239
54,49.66,92.12,97.63,97.63,97.63,97.63,97.63,97.63,97.63,97.63
55,45.97,93.32,136.78,180.05,209.91,232.62,268.78,302.09,314.55,315.31
56,29.62,30.46,30.46,30.46,30.46,30.46,30.46,30.46,30.46,30.46
57,37.55,74.26,101.5,111.94,111.94,111.94,111.94,111.94,111.94,111.94
58,41.24,59.4,63.93,63.93,63.93,63.93,63.93,63.93,63.93,63.93
59,35.73,35.73,35.73,35.73,35.73,35.73,35.73,35.73,35.73,35.73
60,42.88,69.7,69.7,69.7,69.7,69.7,69.7,69.7,69.7,69.7
61,42.63,75.34,110.57,129.11,129.11,129.11,129.11,129.11,129.11,129.11
62,48.62,75.86,110.8,144.16,150.31,150.31,150.31,150.31,150.31,150.31
63,38.52,84.14,127.05,170.38,181.3,181.3,181.3,181.3,181.3,181.3
64,37.64,63.38,76.29,76.29,76.29,76.29,76.29,76.29,76.29,76.29
65,48.95,96.31,137.3,142.61,142.61,142.61,142.61,142.61,142.61,142.61
66,48.46,96.05,131.58,164.54,164.81,164.81,164.81,164.81,164.81,164.81
67,36.22,79.56,116.13,145.94,154.46,154.46,154.46,154.46,154.46,154.46
68,49.15,97.57,121.43,121.43,121.43,121.43,121.43,121.43,121.43,121.43
69,46.16,92.87,140.74,147.37,147.37,147.37,147.37,147.37,147.37,147.37
70,42.76,58.47,93.74,98.09,98.09,98.09,98.09,98.09,98.09,98.09
71,40.46,87.7,111.41,111.41,111.41,111.41,111.41,111.41,111.41,111.41
72,47.55,92.9,139.9,165.14,165.64,165.64,165.64,165.64,165.64,165.64
73,45.27,70.2,92.69,92.69,92.69,92.69,92.69,92.69,92.69,92.69
74,40.66,48.98,48.98,48.98,48.98,48.98,48.98,48.98,48.98,48.98
75,42.96,60.82,60.82,60.82,60.82,60.82,60.82,60.82,60.82,60.82
76,44.65,45.51,45.51,45.51,45.51,45.51,45.51,45.51,45.51,45.51
77,43.52,48.04,48.04,48.04,48.04,48.04,48.04,48.04,48.04,48.04
78,34.2,47.91,47.91,47.91,47.91,47.91,47.91,47.91,47.91,47.91
79,40.66,80.28,119.88,149.04,149.04,149.04,149.04,149.04,149.04,149.04
80,40.54,84.84,127.02,156.26,157.49,157.49,157.49,157.49,157.49,157.49
81,19.69,19.69,19.69,19.69,19.69,19.69,19.69,19.69,19.69,19.69
82,46.14,94.25,129.57,163.31,207.83,246.27,281.51,283.61,283.61,283.61
83,38.11,39.82,39.82,39.82,39.82,39.82,39.82,39.82,39.82,39.82
84,46.32,81.74,90.8,90.8,90.8,90.8,90.8,90.8,90.8,90.8
85,42.18,59.92,59.92,59.92,59.92,59.92,59.92,59.92,59.92,59.92
86,29.72,70.84,90.85,90.85,90.85,90.85,90.85,90.85,90.85,90.85
87,29.04,29.04,29.04,29.04,29.04,29.04,29.04,29.04,29.04,29.04
88,44.2,54.71,54.71,54.71,54.71,54.71,54.71,54.71,54.71,54.71
89,33.35,71.61,117.09,164.06,204.34,205.42,205.42,205.42,205.42,205.42
90,40.95,58.58,58.58,58.58,58.58,58.58,58.58,58.58,58.58,58.58
91,45.37,65.87,65.87,65.87,65.87,65.87,65.87,65.87,65.87,65.87
92,45.21,88.18,96.28,96.28,96.28,96.28,96.28,96.28,96.28,96.28
93,45.8,85.55,108.92,112.15,112.15,112.15,112.15,112.15,112.15,112.15
94,29.76,29.76,29.76,29.76,29.76,29.76,29.76,29.76,29.76,29.76
95,44.99,91.08,124.72,126.52,126.52,126.52,126.52,126.52,126.52,126.52
96,46.89,91.4,101.62,101.62,101.62,101.62,101.62,101.62,101.62,101.62
97,46.42,83.01,89.26,89.26,89.26,89.26,89.26,89.26,89.26,89.26
98,14.06,14.06,14.06,14.06,14.06,14.06,14.06,14.06,14.06,14.06
99,31.52,32.76,32.76,32.76,32.76,32.76,32.76,32.76,32.76,32.76
100,49.11,74.31,119.24,150.65,151.99,151.99,151.99,151.99,151.99,151.99
101,33.38,33.38,33.38,33.38,33.38,33.38,33.38,33.38,33.38,33.38
102,19.97,19.97,19.97,19.97,19.97,19.97,19.97,19.97,19.97,19.97
103,44.02,60.16,60.16,60.16,60.16,60.16,60.16,60.16,60.16,60.16
104,43.96,49.37,49.37,49.37,49.37,49.37,49.37,49.37,49.37,49.37
105,38.03,42.51,42.51,42.51,42.51,42.51,42.51,42.51,42.51,42.51
106,39.63,73.74,85.02,85.02,85.02,85.02,85.02,85.02,85.02,85.02
107,27.52,27.57,27.57,27.57,27.57,27.57,27.57,27.57,27.57,27.57
108,34.49,62.75,102.66,104.65,104.65,104.65,104.65,104.65,104.65,104.65
109,48.08,73.41,73.41,73.41,73.41,73.41,73.41,73.41,73.41,73.41
110,13.5,13.5,13.5,13.5,13.5,13.5,13.5,13.5,13.5,13.5
111,38.75,63.93,102.4,150.3,198.02,230.85,233.77,233.77,233.77,233.77
112,44.97,91.61,128.03,173.4,219.78,261.57,297.85,330.13,376.5,397.02
113,26.85,29.18,29.18,29.18,29.18,29.18,29.18,29.18,29.18,29.18
114,43.56,79.5,88.38,88.38,88.38,88.38,88.38,88.38,88.38,88.38
115,49.76,78.55,81.3,81.3,81.3,81.3,81.3,81.3,81.3,81.3
116,46.84,55.92,55.92,55.92,55.92,55.92,55.92,55.92,55.92,55.92
117,39.83,81.35,112.35,123.27,123.27,123.27,123.27,123.27,123.27,123.27
118,44.58,90.38,139.13,149.17,149.17,149.17,149.17,149.17,149.17,149.17
119,42.05,88.85,114.8,114.8,114.8,114.8,114.8,114.8,114.8,114.8
120,23.15,23.15,23.15,23.15,23.15,23.15,23.15,23.15,23.15,23.15
121,48.08,93.76,117.59,118.91,118.91,118.91,118.91,118.91,118.91,118.91
122,42.15,68.55,100.1,122.58,122.58,122.58,122.58,122.58,122.58,122.58
123,37.04,64.47,64.47,64.47,64.47,64.47,64.47,64.47,64.47,64.47
124,41.78,72.36,72.36,72.36,72.36,72.36,72.36,72.36,72.36,72.36
125,47.43,94.74,139.68,167.12,210.15,250.22,284.84,322.63,366.13,391.5
126,24.75,50.7,57.73,57.73,57.73,57.73,57.73,57.73,57.73,57.73
127,25.58,25.58,25.58,25.58,25.58,25.58,25.58,25.58,25.58,25.58
128,48.62,96.76,120.12,123.77,123.77,123.77,123.77,123.77,123.77,123.77
129,48.9,63.24,63.24,63.24,63.24,63.24,63.24,63.24,63.24,63.24
130,43.68,56.21,56.21,56.21,56.21,56.21,56.21,56.21,56.21,56.21
131,40.4,59.81,59.81,59.81,59.81,59.81,59.81,59.81,59.81,59.81
132,49.4,78.37,121.13,167.86,216.97,256.9,297.24,338.54,363.83,379.16
133,47.58,52.11,52.11,52.11,52.11,52.11,52.11,52.11,52.11,52.11
134,48.62,65.88,65.88,65.88,65.88,65.88,65.88,65.88,65.88,65.88
135,45.72,46.68,46.68,46.68,46.68,46.68,46.68,46.68,46.68,46.68
136,45.01,78.01,95.73,96.57,96.57,96.57,96.57,96.57,96.57,96.57
137,43.09,55.42,55.42,55.42,55.42,55.42,55.42,55.42,55.42,55.42
138,33.38,51.99,66.83,66.83,66.83,66.83,66.83,66.83,66.83,66.83
139,38.99,77.43,77.99,77.99,77.99,77.99,77.99,77.99,77.99,77.99
140,46.59,78.26,118.09,150.49,188.33,232.87,279.83,304.7,304.7,304.7
141,45.95,74.77,112.57,112.57,112.57,112.57,112.57,112.57,112.57,112.57
142,29.63,31.89,31.89,31.89,31.89,31.89,31.89,31.89,31.89,31.89
143,37.62,40.86,40.86,40.86,40.86,40.86,40.86,40.86,40.86,40.86
144,39.31,43.93,43.93,43.93,43.93,43.93,43.93,43.93,43.93,43.93
145,48.51,89.71,94.54,94.54,94.54,94.54,94.54,94.54,94.54,94.54
146,27.53,27.53,27.53,27.53,27.53,27.53,27.53,27.53,27.53,27.53
147,28.4,41.18,47.66,56.34,56.34,56.34,56.34,56.34,56.34,56.34
148,8.42,8.42,8.42,8.42,8.42,8.42,8.42,8.42,8.42,8.42
149,38.82,49.35,49.35,49.35,49.35,49.35,49.35,49.35,49.35,49.35
150,50.1,89.42,137.07,145.64,145.64,145.64,145.64,145.64,145.64,145.64
151,17.82,17.82,17.82,17.82,17.82,17.82,17.82,17.82,17.82,17.82
152,35.59,35.59,35.59,35.59,35.59,35.59,35.59,35.59,35.59,35.59
153,44.4,90.03,113.48,113.48,113.48,113.48,113.48,113.48,113.48,113.48
154,28.83,30.16,30.16,30.16,30.16,30.16,30.16,30.16,30.16,30.16
155,45.75,68.64,114.98,131.75,131.75,131.75,131.75,131.75,131.75,131.75
156,42.67,50.31,50.31,50.31,50.31,50.31,50.31,50.31,50.31,50.31
157,49.05,83.53,90.67,90.67,90.67,90.67,90.67,90.67,90.67,90.67
158,46.1,89.6,97.63,97.63,97.63,97.63,97.63,97.63,97.63,97.63
159,35.25,39.73,39.73,39.73,39.73,39.73,39.73,39.73,39.73,39.73
160,49.81,94.67,132.12,161.03,161.03,161.03,161.03,161.03,161.03,161.03
161,47.44,51.44,51.44,51.44,51.44,51.44,51.44,51.44,51.44,51.44
162,35.65,57.48,72.37,72.37,72.37,72.37,72.37,72.37,72.37,72.37
163,49.57,80.06,80.06,80.06,80.06,80.06,80.06,80.06,80.06,80.06
164,47.97,82.25,87.74,87.74,87.74,87.74,87.74,87.74,87.74,87.74
165,41.05,70.49,108.91,154.9,189.22,235.74,280.85,328.87,366.52,369.26
166,45.7,75.84,122.96,171.22,219.83,267.39,295.72,324.95,325.32,325.32
167,47.12,86.81,128.93,166.43,169.61,169.61,169.61,169.61,169.61,169.61
168,48.36,95.01,143.13,185.85,230.72,275.64,301.78,303.51,303.51,303.51
169,48.88,94.71,141.38,183.55,187.46,187.46,187.46,187.46,187.46,187.46
170,40.13,40.15,40.15,40.15,40.15,40.15,40.15,40.15,40.15,40.15
171,32.45,51.11,51.11,51.11,51.11,51.11,51.11,51.11,51.11,51.11
172,42.24,87.76,126.93,127.27,127.27,127.27,127.27,127.27,127.27,127.27
173,49.48,83.02,112.81,112.82,112.82,112.82,112.82,112.82,112.82,112.82
174,26.22,26.43,26.43,26.43,26.43,26.43,26.43,26.43,26.43,26.43
175,24.95,24.95,24.95,24.95,24.95,24.95,24.95,24.95,24.95,24.95
176,44.48,57.49,57.49,57.49,57.49,57.49,57.49,57.49,57.49,57.49
177,48.39,83.94,87.65,87.65,87.65,87.65,87.65,87.65,87.65,87.65
178,29.48,34.19,34.19,34.19,34.19,34.19,34.19,34.19,34.19,34.19
179,40.72,74.83,106.02,138.14,145.34,145.34,145.34,145.34,145.34,145.34
180,48.39,95.98,103.24,103.24,103.24,103.24,103.24,103.24,103.24,103.24
181,43.33,82.22,113.52,116.47,116.47,116.47,116.47,116.47,116.47,116.47
182,48.73,94.89,100.38,100.38,100.38,100.38,100.38,100.38,100.38,100.38
183,49.52,92.18,129.42,167.91,204.68,230.71,232.35,232.35,232.35,232.35
184,46.18,93.46,122.76,122.76,122.76,122.76,122.76,122.76,122.76,122.76
185,37.62,66.49,66.49,66.49,66.49,66.49,66.49,66.49,66.49,66.49
186,22.49,22.49,22.49,22.49,22.49,22.49,22.49,22.49,22.49,22.49
187,40.17,89.19,134.97,179.48,226.96,274.55,321.52,356.64,356.65,356.65
188,34.22,34.22,34.22,34.22,34.22,34.22,34.22,34.22,34.22,34.22
189,48.18,61.96,61.96,61.96,61.96,61.96,61.96,61.96,61.96,61.96
190,49.21,67.56,67.56,67.56,67.56,67.56,67.56,67.56,67.56,67.56
191,44.21,83.72,95.51,95.51,95.51,95.51,95.51,95.51,95.51,95.51
192,44.92,83.37,96.87,96.87,96.87,96.87,96.87,96.87,96.87,96.87
193,48.72,57.48,57.48,57.48,57.48,57.48,57.48,57.48,57.48,57.48
194,21.96,27.11,27.11,27.11,27.11,27.11,27.11,27.11,27.11,27.11
195,45.86,51.72,51.72,51.72,51.72,51.72,51.72,51.72,51.72,51.72
196,43.86,90.15,133.55,147.6,147.6,147.6,147.6,147.6,147.6,147.6
197,36.78,72.64,96.87,102.39,102.39,102.39,102.39,102.39,102.39,102.39
198,49.62,78.09,78.09,78.09,78.09,78.09,78.09,78.09,78.09,78.09
199,39.71,49.13,49.13,49.13,49.13,49.13,49.13,49.13,49.13,49.13
200,45.53,92.59,126.27,129.24,129.24,129.24,129.24,129.24,129.24,129.24
201,49.24,89.53,137.32,167.7,172.26,172.26,172.26,172.26,172.26,172.26
202,40.58,66.89,108.8,147.69,147.69,147.69,147.69,147.69,147.69,147.69
203,48.02,71.52,71.52,71.52,71.52,71.52,71.52,71.52,71.52,71.52
204,44.12,78.34,86.24,86.24,86.24,86.24,86.24,86.24,86.24,86.24
205,40.78,84.47,129.83,169.77,198.91,213.26,213.55,213.55,213.55,213.55
206,49.07,83.19,83.38,83.38,83.38,83.38,83.38,83.38,83.38,83.38
207,38.78,43.95,43.95,43.95,43.95,43.95,43.95,43.95,43.95,43.95
208,47.84,96.2,142.81,189.95,237.64,244.57,244.57,244.57,244.57,244.57
209,46.25,74.73,74.73,74.73,74.73,74.73,74.73,74.73,74.73,74.73
210,33.24,40.98,40.98,40.98,40.98,40.98,40.98,40.98,40.98,40.98
211,26.75,63.86,92.03,92.03,92.03,92.03,92.03,92.03,92.03,92.03
212,34.18,34.18,34.18,34.18,34.18,34.18,34.18,34.18,34.18,34.18
213,25.74,25.74,25.74,25.74,25.74,25.74,25.74,25.74,25.74,25.74
214,41.03,74.23,114.22,136.53,173.31,195.8,195.8,195.8,195.8,195.8
215,45.38,83.12,85.46,85.46,85.46,85.46,85.46,85.46,85.46,85.46
216,40.53,49.3,49.3,49.3,49.3,49.3,49.3,49.3,49.3,49.3
217,39.76,46.65,46.65,46.65,46.65,46.65,46.65,46.65,46.65,46.65
218,44.28,72.16,74.25,74.25,74.25,74.25,74.25,74.25,74.25,74.25
219,36.42,62.9,70.84,70.84,70.84,70.84,70.84,70.84,70.84,70.84
220,48.76,97.87,140.32,147.71,147.71,147.71,147.71,147.71,147.71,147.71
221,44.99,91.15,135.09,140.22,140.22,140.22,140.22,140.22,140.22,140.22
222,47.06,73.39,74.24,74.24,74.24,74.24,74.24,74.24,74.24,74.24
223,50.67,70.64,70.64,70.64,70.64,70.64,70.64,70.64,70.64,70.64
224,37.66,69.38,75.5,75.5,75.5,75.5,75.5,75.5,75.5,75.5
225,45.99,74.11,74.11,74.11,74.11,74.11,74.11,74.11,74.11,74.11
226,17.98,17.98,17.98,17.98,17.98,17.98,17.98,17.98,17.98,17.98
227,47.22,75.35,86.59,86.59,86.59,86.59,86.59,86.59,86.59,86.59
228,46.99,50.59,50.59,50.59,50.59,50.59,50.59,50.59,50.59,50.59
229,45.92,50.97,50.97,50.97,50.97,50.97,50.97,50.97,50.97,50.97
230,26.05,65.47,86.19,86.19,86.19,86.19,86.19,86.19,86.19,86.19
231,46.52,93.98,135.12,143.62,143.62,143.62,143.62,143.62,143.62,143.62
232,11.2,11.2,11.2,11.2,11.2,11.2,11.2,11.2,11.2,11.2
233,36.21,38.51,38.51,38.51,38.51,38.51,38.51,38.51,38.51,38.51
234,41.89,51.16,51.16,51.16,51.16,51.16,51.16,51.16,51.16,51.16
235,36.36,36.36,36.36,36.36,36.36,36.36,36.36,36.36,36.36,36.36
236,48.96,90.14,123.55,123.73,123.73,123.73,123.73,123.73,123.73,123.73
237,50.22,92.68,109.63,109.63,109.63,109.63,109.63,109.63,109.63,109.63
238,37.83,39.7,39.7,39.7,39.7,39.7,39.7,39.7,39.7,39.7
239,36.59,61.5,61.5,61.5,61.5,61.5,61.5,61.5,61.5,61.5
240,45.47,75.85,85.43,85.43,85.43,85.43,85.43,85.43,85.43,85.43
241,40.73,53.96,53.96,53.96,53.96,53.96,53.96,53.96,53.96,53.96
242,48.89,86.72,89.49,89.49,89.49,89.49,89.49,89.49,89.49,89.49
243,44.77,73.2,106.12,110.93,110.93,110.93,110.93,110.93,110.93,110.93
244,47.04,92.2,106.11,113.83,113.83,113.83,113.83,113.83,113.83,113.83
245,38.67,84.84,107.84,107.89,107.89,107.89,107.89,107.89,107.89,107.89
246,25.31,25.39,25.39,25.39,25.39,25.39,25.39,25.39,25.39,25.39
247,48.22,62.96,62.96,62.96,62.96,62.96,62.96,62.96,62.96,62.96
248,37.24,85,117.69,119.6,119.6,119.6,119.6,119.6,119.6,119.6
249,36.11,36.11,36.11,36.11,36.11,36.11,36.11,36.11,36.11,36.11
250,17.24,17.24,17.24,17.24,17.24,17.24,17.24,17.24,17.24,17.24
251,48.63,85.65,99.82,129.46,130.65,130.65,130.65,130.65,130.65,130.65
252,22.81,22.81,22.81,22.81,22.81,22.81,22.81,22.81,22.81,22.81
253,47.74,91.47,120.05,151.34,153.12,153.12,153.12,153.12,153.12,153.12
254,41.78,46.27,46.27,46.27,46.27,46.27,46.27,46.27,46.27,46.27
255,47.44,62.18,62.18,62.18,62.18,62.18,62.18,62.18,62.18,62.18
256,45.48,92.81,118.06,155.9,163.1,163.1,163.1,163.1,163.1,163.1
257,37.47,69.05,99.03,142.08,183.98,184.51,184.51,184.51,184.51,184.51
258,33.44,44.24,44.24,44.24,44.24,44.24,44.24,44.24,44.24,44.24
259,22.89,22.89,22.89,22.89,22.89,22.89,22.89,22.89,22.89,22.89
260,46.03,81.7,116.98,157.53,160.5,160.5,160.5,160.5,160.5,160.5
261,33.94,80.59,106.89,106.89,106.89,106.89,106.89,106.89,106.89,106.89
262,36.67,51.07,75.47,77.21,77.21,77.21,77.21,77.21,77.21,77.21
263,42.83,56.13,56.13,56.13,56.13,56.13,56.13,56.13,56.13,56.13
264,48.13,64.16,64.16,64.16,64.16,64.16,64.16,64.16,64.16,64.16
265,39.45,51.5,53.11,53.11,53.11,53.11,53.11,53.11,53.11,53.11
266,25.78,25.78,25.78,25.78,25.78,25.78,25.78,25.78,25.78,25.78
267,38.81,39.43,39.43,39.43,39.43,39.43,39.43,39.43,39.43,39.43
268,32.26,50.91,58.33,58.33,58.33,58.33,58.33,58.33,58.33,58.33
269,44.6,78.82,98.9,125.81,170.44,182.79,182.79,182.79,182.79,182.79
270,30.93,41.36,41.36,41.36,41.36,41.36,41.36,41.36,41.36,41.36
271,49.25,97.31,138.81,158.87,167.87,167.87,167.87,167.87,167.87,167.87
272,31.16,32.64,32.64,32.64,32.64,32.64,32.64,32.64,32.64,32.64
273,44.74,81.45,85.72,85.72,85.72,85.72,85.72,85.72,85.72,85.72
274,40.33,40.4,40.4,40.4,40.4,40.4,40.4,40.4,40.4,40.4
275,40.51,50.62,50.62,50.62,50.62,50.62,50.62,50.62,50.62,50.62
276,42.52,66.6,79.07,79.07,79.07,79.07,79.07,79.07,79.07,79.07
277,42.78,82.07,132,178.07,202.56,203.73,203.73,203.73,203.73,203.73
278,47.39,96.09,132.51,145.6,146.08,146.08,146.08,146.08,146.08,146.08
279,49.1,85.14,111.8,112.42,112.42,112.42,112.42,112.42,112.42,112.42
280,22.24,22.24,22.24,22.24,22.24,22.24,22.24,22.24,22.24,22.24
281,46.7,52.48,52.48,52.48,52.48,52.48,52.48,52.48,52.48,52.48
282,47.93,83.26,113.86,147.14,147.15,147.15,147.15,147.15,147.15,147.15
283,35.37,78.75,85.74,85.74,85.74,85.74,85.74,85.74,85.74,85.74
284,39.95,67.77,67.77,67.77,67.77,67.77,67.77,67.77,67.77,67.77
285,41.89,75.81,78.1,78.1,78.1,78.1,78.1,78.1,78.1,78.1
286,45.62,74.5,87.03,87.17,87.17,87.17,87.17,87.17,87.17,87.17
287,49.73,89.92,95.34,95.34,95.34,95.34,95.34,95.34,95.34,95.34
288,31.45,80.15,129.16,171.63,173.64,173.64,173.64,173.64,173.64,173.64
289,35.6,36.72,36.72,36.72,36.72,36.72,36.72,36.72,36.72,36.72
290,37.47,57.36,65.76,65.76,65.76,65.76,65.76,65.76,65.76,65.76
291,44.75,47.85,47.85,47.85,47.85,47.85,47.85,47.85,47.85,47.85
292,42.66,87.84,131.38,151.56,151.56,151.56,151.56,151.56,151.56,151.56
293,47.77,62.42,62.42,62.42,62.42,62.42,62.42,62.42,62.42,62.42
294,33.75,81.53,123.21,135.39,135.39,135.39,135.39,135.39,135.39,135.39
295,18.1,18.1,18.1,18.1,18.1,18.1,18.1,18.1,18.1,18.1
296,29.03,40.51,40.51,40.51,40.51,40.51,40.51,40.51,40.51,40.51
297,50.01,88.65,91.88,91.88,91.88,91.88,91.88,91.88,91.88,91.88
298,42.7,88.89,119.5,159.77,180.03,180.03,180.03,180.03,180.03,180.03
299,47.21,92.2,130.9,160.69,160.69,160.69,160.69,160.69,160.69,160.69
300,44.54,65.38,74.84,74.84,74.84,74.84,74.84,74.84,74.84,74.84
301,42.2,67.3,67.3,67.3,67.3,67.3,67.3,67.3,67.3,67.3
302,47.88,95.26,140.69,143.39,143.39,143.39,143.39,143.39,143.39,143.39
303,31.53,54.97,54.97,54.97,54.97,54.97,54.97,54.97,54.97,54.97
304,45.17,93.47,124.78,162.17,184.14,188.2,188.2,188.2,188.2,188.2
305,46.79,81.3,126.82,148.2,148.2,148.2,148.2,148.2,148.2,148.2
306,44.92,49.2,49.2,49.2,49.2,49.2,49.2,49.2,49.2,49.2
307,44.71,80.72,81.8,81.8,81.8,81.8,81.8,81.8,81.8,81.8
308,45.18,91.15,135.99,139.8,139.8,139.8,139.8,139.8,139.8,139.8
309,44.14,46.75,46.75,46.75,46.75,46.75,46.75,46.75,46.75,46.75
310,49,84.88,117.81,156.03,197,222.81,223.27,223.27,223.27,223.27
311,45.37,92.27,140.62,184.75,233.71,280.83,325.86,339.99,339.99,339.99
312,46.66,92.74,140.16,155.8,155.8,155.8,155.8,155.8,155.8,155.8
313,45.61,90.8,126.64,138.98,138.98,138.98,138.98,138.98,138.98,138.98
314,35.18,39.24,39.24,39.24,39.24,39.24,39.24,39.24,39.24,39.24
315,47.55,69.94,78.56,78.56,78.56,78.56,78.56,78.56,78.56,78.56
316,48.4,96.79,125.95,148.76,148.76,148.76,148.76,148.76,148.76,148.76
317,49.56,94.73,101.1,101.1,101.1,101.1,101.1,101.1,101.1,101.1
318,44.66,91.31,127.63,177.17,195.99,195.99,195.99,195.99,195.99,195.99
319,49.43,91.71,103.35,103.35,103.35,103.35,103.35,103.35,103.35,103.35
320,43.44,91.37,129.62,166.49,214.31,239.96,241.5,241.5,241.5,241.5
321,48.17,95.58,129.51,144.6,145.37,145.37,145.37,145.37,145.37,145.37
322,48.91,89.13,135.46,177.21,188.71,188.71,188.71,188.71,188.71,188.71
323,47.77,90.84,138.87,177.41,221.98,259.31,286.01,286.81,286.81,286.81
324,37.82,43.34,43.34,43.34,43.34,43.34,43.34,43.34,43.34,43.34
325,48.89,95.04,109.69,109.69,109.69,109.69,109.69,109.69,109.69,109.69
326,47.94,73.08,73.08,73.08,73.08,73.08,73.08,73.08,73.08,73.08
327,45.27,92.14,108.97,134.25,144.53,144.53,144.53,144.53,144.53,144.53
328,49.02,73.03,73.03,73.03,73.03,73.03,73.03,73.03,73.03,73.03
329,18.64,18.64,18.64,18.64,18.64,18.64,18.64,18.64,18.64,18.64
330,42.46,46.69,46.69,46.69,46.69,46.69,46.69,46.69,46.69,46.69
331,49.8,96.97,135.3,144.95,144.95,144.95,144.95,144.95,144.95,144.95
332,44.01,61.94,61.94,61.94,61.94,61.94,61.94,61.94,61.94,61.94
333,29.61,29.61,29.61,29.61,29.61,29.61,29.61,29.61,29.61,29.61
334,31.8,56.15,56.15,56.15,56.15,56.15,56.15,56.15,56.15,56.15
335,30.77,30.77,30.77,30.77,30.77,30.77,30.77,30.77,30.77,30.77
336,41.03,61.77,66.99,66.99,66.99,66.99,66.99,66.99,66.99,66.99
337,42.4,42.5,42.5,42.5,42.5,42.5,42.5,42.5,42.5,42.5
338,26.2,26.2,26.2,26.2,26.2,26.2,26.2,26.2,26.2,26.2
339,49.44,93.71,141.14,185.94,225.45,232.07,232.07,232.07,232.07,232.07
340,37.26,83.96,129.39,174.62,218.54,257.59,278.16,278.16,278.16,278.16
341,48.15,80.52,82.38,82.38,82.38,82.38,82.38,82.38,82.38,82.38
342,44.06,89.02,135.7,180.01,211.09,211.09,211.09,211.09,211.09,211.09
343,32.77,48.57,97.74,142.59,182.57,214.45,262.11,264.1,264.1,264.1
344,31.18,32.34,32.34,32.34,32.34,32.34,32.34,32.34,32.34,32.34
345,47.69,93.12,116.27,116.27,116.27,116.27,116.27,116.27,116.27,116.27
346,39.06,39.88,39.88,39.88,39.88,39.88,39.88,39.88,39.88,39.88
347,37.21,37.21,37.21,37.21,37.21,37.21,37.21,37.21,37.21,37.21
348,46.29,73.57,75.35,75.35,75.35,75.35,75.35,75.35,75.35,75.35
349,50.03,98.47,145.88,158.64,158.64,158.64,158.64,158.64,158.64,158.64
350,32.07,32.08,32.08,32.08,32.08,32.08,32.08,32.08,32.08,32.08
351,23.3,23.3,23.3,23.3,23.3,23.3,23.3,23.3,23.3,23.3
352,32.52,32.52,32.52,32.52,32.52,32.52,32.52,32.52,32.52,32.52
353,16.92,16.92,16.92,16.92,16.92,16.92,16.92,16.92,16.92,16.92
354,47.56,95.73,125.34,128.37,128.37,128.37,128.37,128.37,128.37,128.37
355,47.37,96.45,137.9,158.63,158.63,158.63,158.63,158.63,158.63,158.63
356,46.54,90.8,104.69,104.69,104.69,104.69,104.69,104.69,104.69,104.69
357,42.33,62.76,62.76,62.76,62.76,62.76,62.76,62.76,62.76,62.76
358,46.31,70.02,76.02,76.02,76.02,76.02,76.02,76.02,76.02,76.02
359,38.29,38.41,38.41,38.41,38.41,38.41,38.41,38.41,38.41,38.41
360,17.04,17.04,17.04,17.04,17.04,17.04,17.04,17.04,17.04,17.04
361,45.4,56.19,56.19,56.19,56.19,56.19,56.19,56.19,56.19,56.19
362,38.55,53.6,54.22,54.22,54.22,54.22,54.22,54.22,54.22,54.22
363,45.35,54.05,54.05,54.05,54.05,54.05,54.05,54.05,54.05,54.05
364,37.89,44.03,44.03,44.03,44.03,44.03,44.03,44.03,44.03,44.03
365,49.69,92.11,93.85,93.85,93.85,93.85,93.85,93.85,93.85,93.85
366,20.82,20.82,20.82,20.82,20.82,20.82,20.82,20.82,20.82,20.82
367,46.83,48.31,48.31,48.31,48.31,48.31,48.31,48.31,48.31,48.31
368,12.54,12.54,12.54,12.54,12.54,12.54,12.54,12.54,12.54,12.54
369,38.1,41.75,41.75,41.75,41.75,41.75,41.75,41.75,41.75,41.75
370,49.36,67.7,67.7,67.7,67.7,67.7,67.7,67.7,67.7,67.7
371,21.04,21.04,21.04,21.04,21.04,21.04,21.04,21.04,21.04,21.04
372,49.33,91.66,137.18,184.92,233.75,274.89,275.27,275.27,275.27,275.27
373,42.17,48.87,48.87,48.87,48.87,48.87,48.87,48.87,48.87,48.87
374,47.35,78.36,105.6,108.33,108.33,108.33,108.33,108.33,108.33,108.33
375,46.17,63.11,63.11,63.11,63.11,63.11,63.11,63.11,63.11,63.11
376,35.31,69.74,112.79,135.24,141.32,141.32,141.32,141.32,141.32,141.32
377,45.24,91.03,116.47,118.67,118.67,118.67,118.67,118.67,118.67,118.67
378,45.09,59.98,59.98,59.98,59.98,59.98,59.98,59.98,59.98,59.98
379,48.21,90.23,104.08,104.08,104.08,104.08,104.08,104.08,104.08,104.08
380,19.55,19.55,19.55,19.55,19.55,19.55,19.55,19.55,19.55,19.55
381,48.73,91.76,96.74,96.74,96.74,96.74,96.74,96.74,96.74,96.74
382,31.03,31.03,31.03,31.03,31.03,31.03,31.03,31.03,31.03,31.03
383,46.56,76.28,76.28,76.28,76.28,76.28,76.28,76.28,76.28,76.28
384,49.85,87.18,130.32,175.3,221.32,240.87,240.87,240.87,240.87,240.87
385,46.38,96.14,139.65,163.58,163.58,163.58,163.58,163.58,163.58,163.58
386,33.78,69.47,119.41,138.33,138.33,138.33,138.33,138.33,138.33,138.33
387,49.34,87.42,93.41,93.41,93.41,93.41,93.41,93.41,93.41,93.41
388,45.66,85.61,93.11,93.11,93.11,93.11,93.11,93.11,93.11,93.11
389,46.85,65.05,65.05,65.05,65.05,65.05,65.05,65.05,65.05,65.05
390,47.29,88.09,109.2,113.42,113.42,113.42,113.42,113.42,113.42,113.42
391,39.5,41.5,41.5,41.5,41.5,41.5,41.5,41.5,41.5,41.5
392,34.66,52.15,91.83,116.06,160.69,201.53,233.03,254.89,254.89,254.89
393,41.57,80.48,86.01,86.01,86.01,86.01,86.01,86.01,86.01,86.01
394,44.94,89.68,136.74,180.32,222.6,262.44,309.08,326.79,326.79,326.79
395,29.45,29.45,29.45,29.45,29.45,29.45,29.45,29.45,29.45,29.45
396,35.83,77.84,122.83,155.52,191.64,201.8,201.8,201.8,201.8,201.8
397,30.45,30.45,30.45,30.45,30.45,30.45,30.45,30.45,30.45,30.45
398,48.7,84.22,115.15,115.15,115.15,115.15,115.15,115.15,115.15,115.15
399,45.71,57.23,57.23,57.23,57.23,57.23,57.23,57.23,57.23,57.23
400,48.44,95.26,120.79,139.85,169.91,178.14,178.14,178.14,178.14,178.14
401,46.99,63.27,63.27,63.27,63.27,63.27,63.27,63.27,63.27,63.27
402,44.59,86.19,135.29,182.31,224.2,238.29,238.29,238.29,238.29,238.29
403,44.45,80.13,118.16,157.03,193.82,195.69,195.69,195.69,195.69,195.69
404,46.81,73.48,75.26,75.26,75.26,75.26,75.26,75.26,75.26,75.26
405,47.35,67.71,67.81,67.81,67.81,67.81,67.81,67.81,67.81,67.81
406,43.87,91.48,134.43,147.53,150.19,150.19,150.19,150.19,150.19,150.19
407,43.68,69.27,69.27,69.27,69.27,69.27,69.27,69.27,69.27,69.27
408,47.48,70.84,71.7,71.7,71.7,71.7,71.7,71.7,71.7,71.7
409,47.51,93.96,138.79,161.91,201.17,217.42,217.42,217.42,217.42,217.42
410,43.82,89.38,117.57,117.57,117.57,117.57,117.57,117.57,117.57,117.57
411,43.28,69.28,70.43,70.43,70.43,70.43,70.43,70.43,70.43,70.43
412,49.35,93.69,131.36,131.36,131.36,131.36,131.36,131.36,131.36,131.36
413,48.24,83.79,85.15,85.15,85.15,85.15,85.15,85.15,85.15,85.15
414,49.15,97.03,136.53,136.81,136.81,136.81,136.81,136.81,136.81,136.81
415,16.79,16.79,16.79,16.79,16.79,16.79,16.79,16.79,16.79,16.79
416,40.12,40.45,40.45,40.45,40.45,40.45,40.45,40.45,40.45,40.45
417,31.79,31.79,31.79,31.79,31.79,31.79,31.79,31.79,31.79,31.79
418,20.29,20.29,20.29,20.29,20.29,20.29,20.29,20.29,20.29,20.29
419,46.91,89.84,127.64,163.8,190.39,190.39,190.39,190.39,190.39,190.39
420,42.19,70.22,70.88,70.88,70.88,70.88,70.88,70.88,70.88,70.88
421,45.31,72.14,72.14,72.14,72.14,72.14,72.14,72.14,72.14,72.14
422,46.59,55.88,55.88,55.88,55.88,55.88,55.88,55.88,55.88,55.88
423,47.34,71.48,71.48,71.48,71.48,71.48,71.48,71.48,71.48,71.48
424,38.57,88.48,133.87,162.22,200.54,212.6,212.6,212.6,212.6,212.6
425,31.32,31.32,31.32,31.32,31.32,31.32,31.32,31.32,31.32,31.32
426,36.58,72.65,109.47,113.53,113.53,113.53,113.53,113.53,113.53,113.53
427,49.74,87.67,111.04,111.04,111.04,111.04,111.04,111.04,111.04,111.04
428,48.16,89.89,124.92,128.09,128.09,128.09,128.09,128.09,128.09,128.09
429,42.02,47.69,47.69,47.69,47.69,47.69,47.69,47.69,47.69,47.69
430,32.15,54.21,54.21,54.21,54.21,54.21,54.21,54.21,54.21,54.21
431,27.88,27.88,27.88,27.88,27.88,27.88,27.88,27.88,27.88,27.88
432,49.65,84.18,84.19,84.19,84.19,84.19,84.19,84.19,84.19,84.19
433,47.99,92.68,108.57,108.57,108.57,108.57,108.57,108.57,108.57,108.57
434,47.01,86.55,100.5,100.5,100.5,100.5,100.5,100.5,100.5,100.5
435,11.84,11.84,11.84,11.84,11.84,11.84,11.84,11.84,11.84,11.84
436,43.37,73.84,73.84,73.84,73.84,73.84,73.84,73.84,73.84,73.84
437,48.59,89.9,133.04,177.84,221.45,261.5,273.21,273.21,273.21,273.21
438,49.09,61.47,61.47,61.47,61.47,61.47,61.47,61.47,61.47,61.47
439,21.59,21.59,21.59,21.59,21.59,21.59,21.59,21.59,21.59,21.59
440,48.15,88.16,124.18,127.63,127.63,127.63,127.63,127.63,127.63,127.63
441,49.56,92.15,129.08,151.04,151.22,151.22,151.22,151.22,151.22,151.22
442,40.58,81.78,109.74,147.55,186.11,233.66,261.66,261.66,261.66,261.66
443,30.51,30.51,30.51,30.51,30.51,30.51,30.51,30.51,30.51,30.51
444,47.1,88.29,94.74,94.74,94.74,94.74,94.74,94.74,94.74,94.74
445,40.85,61.52,61.52,61.52,61.52,61.52,61.52,61.52,61.52,61.52
446,44.02,89.45,137.04,171.09,188.24,188.24,188.24,188.24,188.24,188.24
447,41.09,42.74,42.74,42.74,42.74,42.74,42.74,42.74,42.74,42.74
448,47.52,88.07,129.13,159.86,159.86,159.86,159.86,159.86,159.86,159.86
449,43.57,88.63,134.59,183.01,209.08,211.01,211.01,211.01,211.01,211.01
450,23.39,25.09,25.09,25.09,25.09,25.09,25.09,25.09,25.09,25.09
451,48.11,66.2,93.31,102.34,102.34,102.34,102.34,102.34,102.34,102.34
452,41.12,45.47,45.47,45.47,45.47,45.47,45.47,45.47,45.47,45.47
453,45.74,79.93,125.23,158.25,174.38,174.38,174.38,174.38,174.38,174.38
454,48.66,62.18,62.18,62.18,62.18,62.18,62.18,62.18,62.18,62.18
455,30.01,30.11,30.11,30.11,30.11,30.11,30.11,30.11,30.11,30.11
456,45.56,69.08,69.08,69.08,69.08,69.08,69.08,69.08,69.08,69.08
457,17.94,17.94,17.94,17.94,17.94,17.94,17.94,17.94,17.94,17.94
458,40.27,44.5,44.5,44.5,44.5,44.5,44.5,44.5,44.5,44.5
459,32.2,62.7,63.59,63.59,63.59,63.59,63.59,63.59,63.59,63.59
460,46.75,87.35,98.03,98.03,98.03,98.03,98.03,98.03,98.03,98.03
461,50.18,90.86,99.57,99.57,99.57,99.57,99.57,99.57,99.57,99.57
462,35.59,72.88,87.8,88.47,88.47,88.47,88.47,88.47,88.47,88.47
463,42.25,42.31,42.31,42.31,42.31,42.31,42.31,42.31,42.31,42.31
464,48.7,94.93,133.84,136.04,136.04,136.04,136.04,136.04,136.04,136.04
465,39.95,58.57,58.57,58.57,58.57,58.57,58.57,58.57,58.57,58.57
466,40.04,42,42,42,42,42,42,42,42,42
467,15.41,15.41,15.41,15.41,15.41,15.41,15.41,15.41,15.41,15.41
468,45.15,54,54,54,54,54,54,54,54,54
469,45.84,92.95,115.79,154.99,176.06,176.06,176.06,176.06,176.06,176.06
470,18.47,18.47,18.47,18.47,18.47,18.47,18.47,18.47,18.47,18.47
471,48.05,95.88,107.78,107.78,107.78,107.78,107.78,107.78,107.78,107.78
472,45.12,89.29,94.63,94.63,94.63,94.63,94.63,94.63,94.63,94.63
473,48.93,91.44,131.4,131.4,131.4,131.4,131.4,131.4,131.4,131.4
474,49.04,97.29,145.34,182.3,192.38,192.38,192.38,192.38,192.38,192.38
475,42.41,87.68,94.16,94.16,94.16,94.16,94.16,94.16,94.16,94.16
476,47.81,81.62,120.66,150.08,182.02,217.72,249.41,249.41,249.41,249.41
477,26.17,26.17,26.17,26.17,26.17,26.17,26.17,26.17,26.17,26.17
478,6.84,6.84,6.84,6.84,6.84,6.84,6.84,6.84,6.84,6.84
479,47.72,94,136.34,179.49,219.13,245.5,289.99,324.29,365.36,409.81
480,40.39,69.83,116.74,153.66,153.66,153.66,153.66,153.66,153.66,153.66
481,49.67,82.23,82.27,82.27,82.27,82.27,82.27,82.27,82.27,82.27
482,36.51,76.17,103.76,103.76,103.76,103.76,103.76,103.76,103.76,103.76
483,23.08,23.08,23.08,23.08,23.08,23.08,23.08,23.08,23.08,23.08
484,47.43,87.23,133.48,162.86,171.05,171.05,171.05,171.05,171.05,171.05
485,45.23,91.17,114.52,114.52,114.52,114.52,114.52,114.52,114.52,114.52
486,44.38,81.05,102.26,126.98,128.69,128.69,128.69,128.69,128.69,128.69
487,49.41,95.47,130.97,161.96,162.08,162.08,162.08,162.08,162.08,162.08
488,48.16,51.07,51.07,51.07,51.07,51.07,51.07,51.07,51.07,51.07
489,38.06,42.26,42.26,42.26,42.26,42.26,42.26,42.26,42.26,42.26
490,16.08,16.08,16.08,16.08,16.08,16.08,16.08,16.08,16.08,16.08
491,21.02,21.02,21.02,21.02,21.02,21.02,21.02,21.02,21.02,21.02
492,48.71,58.29,58.29,58.29,58.29,58.29,58.29,58.29,58.29,58.29
493,45.2,87.08,123.28,158.49,175.72,175.72,175.72,175.72,175.72,175.72
494,46.84,75.76,75.76,75.76,75.76,75.76,75.76,75.76,75.76,75.76
495,32.28,32.28,32.28,32.28,32.28,32.28,32.28,32.28,32.28,32.28
496,14.82,14.82,14.82,14.82,14.82,14.82,14.82,14.82,14.82,14.82
497,46.69,80.26,118.26,125.46,125.46,125.46,125.46,125.46,125.46,125.46
498,43.89,61.98,61.98,61.98,61.98,61.98,61.98,61.98,61.98,61.98
499,49,64.13,64.13,64.13,64.13,64.13,64.13,64.13,64.13,64.13
500,42.97,61.15,75.71,75.71,75.71,75.71,75.71,75.71,75.71,75.71
501,25.93,25.93,25.93,25.93,25.93,25.93,25.93,25.93,25.93,25.93
502,44.83,50.61,50.61,50.61,50.61,50.61,50.61,50.61,50.61,50.61
503,28.35,28.35,28.35,28.35,28.35,28.35,28.35,28.35,28.35,28.35
504,37.58,39.59,39.59,39.59,39.59,39.59,39.59,39.59,39.59,39.59
505,48.73,95.41,144.07,180.01,212.36,255.58,262.44,262.44,262.44,262.44
506,44.2,89.76,110.87,125.92,125.92,125.92,125.92,125.92,125.92,125.92
507,43.11,73.91,79.62,79.62,79.62,79.62,79.62,79.62,79.62,79.62
508,33.6,49.55,52.8,52.8,52.8,52.8,52.8,52.8,52.8,52.8
509,30.96,68.24,106.23,116.16,116.16,116.16,116.16,116.16,116.16,116.16
510,40.52,40.52,40.52,40.52,40.52,40.52,40.52,40.52,40.52,40.52
511,49.87,73.66,102.26,133.01,133.01,133.01,133.01,133.01,133.01,133.01
512,49.6,68.57,68.57,68.57,68.57,68.57,68.57,68.57,68.57,68.57
513,48.03,94.25,129.39,129.39,129.39,129.39,129.39,129.39,129.39,129.39
514,41.85,42.96,42.96,42.96,42.96,42.96,42.96,42.96,42.96,42.96
515,31.21,31.45,31.45,31.45,31.45,31.45,31.45,31.45,31.45,31.45
516,33.35,35.02,35.02,35.02,35.02,35.02,35.02,35.02,35.02,35.02
517,45.07,89.44,99.47,99.47,99.47,99.47,99.47,99.47,99.47,99.47
518,42.99,85.36,116.32,116.32,116.32,116.32,116.32,116.32,116.32,116.32
519,48.3,88.45,124.17,124.49,124.49,124.49,124.49,124.49,124.49,124.49
520,38.25,80.95,95.32,95.32,95.32,95.32,95.32,95.32,95.32,95.32
521,17.98,17.98,17.98,17.98,17.98,17.98,17.98,17.98,17.98,17.98
522,46.06,72.12,72.12,72.12,72.12,72.12,72.12,72.12,72.12,72.12
523,27.69,27.69,27.69,27.69,27.69,27.69,27.69,27.69,27.69,27.69
524,46.69,83.98,126.65,164.61,185.5,186.85,186.85,186.85,186.85,186.85
525,38,38.34,38.34,38.34,38.34,38.34,38.34,38.34,38.34,38.34
526,44.73,90.13,123.86,126.8,126.8,126.8,126.8,126.8,126.8,126.8
527,39.11,63.58,66.81,66.81,66.81,66.81,66.81,66.81,66.81,66.81
528,49.38,93.42,102.26,102.26,102.26,102.26,102.26,102.26,102.26,102.26
529,37.99,48.52,48.52,48.52,48.52,48.52,48.52,48.52,48.52,48.52
530,45.63,77.93,103.41,103.41,103.41,103.41,103.41,103.41,103.41,103.41
531,38,83.83,120.08,129.2,129.2,129.2,129.2,129.2,129.2,129.2
532,36.41,69.4,91.61,92.9,92.9,92.9,92.9,92.9,92.9,92.9
533,35.52,35.52,35.52,35.52,35.52,35.52,35.52,35.52,35.52,35.52
534,41.09,53.66,53.66,53.66,53.66,53.66,53.66,53.66,53.66,53.66
535,48.29,96.93,139.9,150.3,154.45,154.45,154.45,154.45,154.45,154.45
536,49.54,93.36,140.72,177.71,178.02,178.02,178.02,178.02,178.02,178.02
537,46.98,91.74,118.61,123.97,123.97,123.97,123.97,123.97,123.97,123.97
538,45.4,85.48,119.8,135.7,135.7,135.7,135.7,135.7,135.7,135.7
539,41.9,60.96,60.98,60.98,60.98,60.98,60.98,60.98,60.98,60.98
540,48.88,97.41,129.3,129.3,129.3,129.3,129.3,129.3,129.3,129.3
541,32.7,44.81,66.61,72.64,72.64,72.64,72.64,72.64,72.64,72.64
542,38.41,83.24,112.24,113.28,113.28,113.28,113.28,113.28,113.28,113.28
543,21.37,49.34,53.07,53.07,53.07,53.07,53.07,53.07,53.07,53.07
544,46.78,80.03,80.06,80.06,80.06,80.06,80.06,80.06,80.06,80.06
545,42.44,45.09,45.09,45.09,45.09,45.09,45.09,45.09,45.09,45.09
546,46.72,83.79,83.81,83.81,83.81,83.81,83.81,83.81,83.81,83.81
547,44.81,83.92,126.37,157.58,189.17,207.29,207.49,207.49,207.49,207.49
548,40.32,81.03,105.61,105.61,105.61,105.61,105.61,105.61,105.61,105.61
549,22.96,22.96,22.96,22.96,22.96,22.96,22.96,22.96,22.96,22.96
550,45.81,87.82,118.42,167.66,204.59,204.59,204.59,204.59,204.59,204.59
551,49.45,94.12,142.38,187.53,231,244.04,244.04,244.04,244.04,244.04
552,35.7,41.14,41.14,41.14,41.14,41.14,41.14,41.14,41.14,41.14
553,49.98,72.5,86.96,99.12,99.12,99.12,99.12,99.12,99.12,99.12
554,29.79,29.8,29.8,29.8,29.8,29.8,29.8,29.8,29.8,29.8
555,45.98,90.11,127.81,130.79,130.79,130.79,130.79,130.79,130.79,130.79
556,35.57,37.96,37.96,37.96,37.96,37.96,37.96,37.96,37.96,37.96
557,47.44,93.17,138.75,185.34,224.9,256.56,259.61,259.61,259.61,259.61
558,42.89,46.63,46.63,46.63,46.63,46.63,46.63,46.63,46.63,46.63
559,46.85,86.6,87.08,87.08,87.08,87.08,87.08,87.08,87.08,87.08
560,29.22,33.32,33.32,33.32,33.32,33.32,33.32,33.32,33.32,33.32
561,47.3,56.62,56.62,56.62,56.62,56.62,56.62,56.62,56.62,56.62
562,47.42,92.31,118.9,132.73,140.66,140.66,140.66,140.66,140.66,140.66
563,46.75,88.6,134.53,167.69,168.58,168.58,168.58,168.58,168.58,168.58
564,49.53,75.75,80.21,80.21,80.21,80.21,80.21,80.21,80.21,80.21
565,33.67,34.36,34.36,34.36,34.36,34.36,34.36,34.36,34.36,34.36
566,31.53,63.76,65.53,65.53,65.53,65.53,65.53,65.53,65.53,65.53
567,38.45,38.45,38.45,38.45,38.45,38.45,38.45,38.45,38.45,38.45
568,24.73,24.73,24.73,24.73,24.73,24.73,24.73,24.73,24.73,24.73
569,44.83,92.4,127.67,144.42,144.42,144.42,144.42,144.42,144.42,144.42
570,43.16,44.25,44.25,44.25,44.25,44.25,44.25,44.25,44.25,44.25
571,49.35,80.34,107.82,107.82,107.82,107.82,107.82,107.82,107.82,107.82
572,34.27,61.76,94.86,139.82,188.45,219.75,219.77,219.77,219.77,219.77
573,31.09,31.84,31.84,31.84,31.84,31.84,31.84,31.84,31.84,31.84
574,46.15,94.58,135.5,141.36,141.36,141.36,141.36,141.36,141.36,141.36
575,47.54,85.74,88.23,88.23,88.23,88.23,88.23,88.23,88.23,88.23
576,48.4,91.46,95.98,95.98,95.98,95.98,95.98,95.98,95.98,95.98
577,19.68,19.68,19.68,19.68,19.68,19.68,19.68,19.68,19.68,19.68
578,43.75,86.59,123.53,130.72,130.72,130.72,130.72,130.72,130.72,130.72
579,28.22,29.37,29.37,29.37,29.37,29.37,29.37,29.37,29.37,29.37
580,46.08,52.41,52.41,52.41,52.41,52.41,52.41,52.41,52.41,52.41
581,44.58,85.29,105.24,105.24,105.24,105.24,105.24,105.24,105.24,105.24
582,35.16,60.38,94.62,139.22,172.24,212.72,255.06,298.51,302.57,302.57
583,36.34,36.34,36.34,36.34,36.34,36.34,36.34,36.34,36.34,36.34
584,44.32,71.41,71.58,71.58,71.58,71.58,71.58,71.58,71.58,71.58
585,25.6,25.6,25.6,25.6,25.6,25.6,25.6,25.6,25.6,25.6
586,36.88,75.83,77.44,77.44,77.44,77.44,77.44,77.44,77.44,77.44
587,49.8,84.3,85.89,85.89,85.89,85.89,85.89,85.89,85.89,85.89
588,43.2,90.67,133.72,163.87,163.87,163.87,163.87,163.87,163.87,163.87
589,48.39,85.52,132.41,179.33,222.13,246.53,275.35,311.8,318.28,318.28
590,47,86.01,133.76,157.6,162.86,162.86,162.86,162.86,162.86,162.86
591,49.32,96.6,136.14,136.14,136.14,136.14,136.14,136.14,136.14,136.14
592,45.6,82.94,116.43,166,189.24,190.22,190.22,190.22,190.22,190.22
593,31.76,74.07,121.38,165.69,191.77,191.77,191.77,191.77,191.77,191.77
594,23.56,23.56,23.56,23.56,23.56,23.56,23.56,23.56,23.56,23.56
595,48.19,93.04,136.04,177.53,209.68,249.13,274.43,312.14,357.46,366.35
596,48.94,89.5,119.35,128.9,128.9,128.9,128.9,128.9,128.9,128.9
597,43.82,56.14,56.14,56.14,56.14,56.14,56.14,56.14,56.14,56.14
598,50.39,95.9,123.42,131.03,131.03,131.03,131.03,131.03,131.03,131.03
599,42.02,43.7,43.7,43.7,43.7,43.7,43.7,43.7,43.7,43.7
600,17.39,17.39,17.39,17.39,17.39,17.39,17.39,17.39,17.39,17.39
601,32.2,32.21,32.21,32.21,32.21,32.21,32.21,32.21,32.21,32.21
602,48.14,95.28,127.98,127.98,127.98,127.98,127.98,127.98,127.98,127.98
603,29.06,51.34,52.51,52.51,52.51,52.51,52.51,52.51,52.51,52.51
604,22.54,22.54,22.54,22.54,22.54,22.54,22.54,22.54,22.54,22.54
605,31.24,32.39,32.39,32.39,32.39,32.39,32.39,32.39,32.39,32.39
606,41.63,70.43,76.73,76.73,76.73,76.73,76.73,76.73,76.73,76.73
607,48.56,76.66,79.79,79.79,79.79,79.79,79.79,79.79,79.79,79.79
608,47.66,94.49,116.45,140.65,140.88,140.88,140.88,140.88,140.88,140.88
609,40.99,43.13,43.13,43.13,43.13,43.13,43.13,43.13,43.13,43.13
610,38.08,38.45,38.45,38.45,38.45,38.45,38.45,38.45,38.45,38.45
611,45.46,50.54,50.54,50.54,50.54,50.54,50.54,50.54,50.54,50.54
612,40.21,81.88,115.72,122.47,122.47,122.47,122.47,122.47,122.47,122.47
613,45.41,88.01,127.64,176.27,216.71,249.27,250.8,250.8,250.8,250.8
614,22.91,22.91,22.91,22.91,22.91,22.91,22.91,22.91,22.91,22.91
615,41.43,88.5,120.57,148.79,197.82,244.21,282.08,282.45,282.45,282.45
616,46.37,94.69,121.72,121.72,121.72,121.72,121.72,121.72,121.72,121.72
617,48.73,95.18,126.78,126.78,126.78,126.78,126.78,126.78,126.78,126.78
618,24.26,24.26,24.26,24.26,24.26,24.26,24.26,24.26,24.26,24.26
619,45.51,83.64,84.65,84.65,84.65,84.65,84.65,84.65,84.65,84.65
620,17.57,17.57,17.57,17.57,17.57,17.57,17.57,17.57,17.57,17.57
621,42.66,59.37,59.37,59.37,59.37,59.37,59.37,59.37,59.37,59.37
622,49.2,95.96,144.31,192.28,240.13,287.44,314.48,315.41,315.41,315.41
623,21.63,21.63,21.63,21.63,21.63,21.63,21.63,21.63,21.63,21.63
624,40,49.07,49.07,49.07,49.07,49.07,49.07,49.07,49.07,49.07
625,44.22,62.93,62.93,62.93,62.93,62.93,62.93,62.93,62.93,62.93
626,48.85,81.76,111.17,122.47,122.47,122.47,122.47,122.47,122.47,122.47
627,18.58,18.58,18.58,18.58,18.58,18.58,18.58,18.58,18.58,18.58
628,27.51,60.31,106.01,113.58,113.58,113.58,113.58,113.58,113.58,113.58
629,41.99,52.48,52.48,52.48,52.48,52.48,52.48,52.48,52.48,52.48
630,47.52,94.5,136.57,163.93,209.21,257.48,301.3,334.79,353.02,353.02
631,49.69,96.72,136.72,169.77,169.8,169.8,169.8,169.8,169.8,169.8
632,19.63,19.63,19.63,19.63,19.63,19.63,19.63,19.63,19.63,19.63
633,36.73,74.47,110.48,126.43,126.43,126.43,126.43,126.43,126.43,126.43
634,41.81,90,125.95,127.07,127.07,127.07,127.07,127.07,127.07,127.07
635,45.52,78.96,98.44,103.89,103.89,103.89,103.89,103.89,103.89,103.89
636,48.28,64.88,106.13,117.38,117.38,117.38,117.38,117.38,117.38,117.38
637,47.96,81.16,128.17,138.71,138.71,138.71,138.71,138.71,138.71,138.71
638,48.33,90.1,124.45,149.91,182.28,229.41,264.04,311.22,339.07,375.37
639,37.34,37.56,37.56,37.56,37.56,37.56,37.56,37.56,37.56,37.56
640,28.82,31.23,31.23,31.23,31.23,31.23,31.23,31.23,31.23,31.23
641,48.07,91.37,140.28,178.24,207.37,249.94,296.57,301.57,301.57,301.57
642,36.75,73.33,113.93,117.15,117.15,117.15,117.15,117.15,117.15,117.15
643,46.67,93.47,114.88,118.39,118.39,118.39,118.39,118.39,118.39,118.39
644,43.46,85.84,113.72,130.09,130.09,130.09,130.09,130.09,130.09,130.09
645,48.84,94.93,131.48,131.75,131.75,131.75,131.75,131.75,131.75,131.75
646,44.04,77.39,125.76,161.68,206.17,243.81,256.96,256.96,256.96,256.96
647,37.1,66.73,107.19,133.49,144.69,144.69,144.69,144.69,144.69,144.69
648,37.01,83.93,130.53,144.07,144.07,144.07,144.07,144.07,144.07,144.07
649,29.34,29.34,29.34,29.34,29.34,29.34,29.34,29.34,29.34,29.34
650,29.2,29.2,29.2,29.2,29.2,29.2,29.2,29.2,29.2,29.2
651,32.13,32.13,32.13,32.13,32.13,32.13,32.13,32.13,32.13,32.13
652,48.34,93.27,129.61,171.42,178.28,178.28,178.28,178.28,178.28,178.28
653,48.6,92.38,126.67,158.24,159.05,159.05,159.05,159.05,159.05,159.05
654,46.79,93.55,125.61,125.61,125.61,125.61,125.61,125.61,125.61,125.61
655,20.88,20.88,20.88,20.88,20.88,20.88,20.88,20.88,20.88,20.88
656,36.76,41.98,41.98,41.98,41.98,41.98,41.98,41.98,41.98,41.98
657,48.45,96.22,130.67,148.58,179.53,199.36,228.43,263.85,307.4,311.47
658,30.12,38.26,38.26,38.26,38.26,38.26,38.26,38.26,38.26,38.26
659,26.86,26.86,26.86,26.86,26.86,26.86,26.86,26.86,26.86,26.86
660,32.94,36.1,36.1,36.1,36.1,36.1,36.1,36.1,36.1,36.1
661,48.35,94.63,110.04,138.9,187.76,228.64,247.57,271.64,271.64,271.64
662,48,90.37,104.91,104.91,104.91,104.91,104.91,104.91,104.91,104.91
663,35.66,40.61,40.61,40.61,40.61,40.61,40.61,40.61,40.61,40.61
664,44.98,51.37,51.37,51.37,51.37,51.37,51.37,51.37,51.37,51.37
665,36.05,57.67,104.14,124.03,124.03,124.03,124.03,124.03,124.03,124.03
666,35.36,38.89,38.89,38.89,38.89,38.89,38.89,38.89,38.89,38.89
667,23.28,23.28,23.28,23.28,23.28,23.28,23.28,23.28,23.28,23.28
668,15.14,15.14,15.14,15.14,15.14,15.14,15.14,15.14,15.14,15.14
669,47.85,91.87,137.86,165.03,179.17,179.17,179.17,179.17,179.17,179.17
670,32.87,32.91,32.91,32.91,32.91,32.91,32.91,32.91,32.91,32.91
671,11.79,11.79,11.79,11.79,11.79,11.79,11.79,11.79,11.79,11.79
672,45.84,92.8,130.93,177.57,207.77,235.02,264.25,269.75,269.75,269.75
673,11.35,11.35,11.35,11.35,11.35,11.35,11.35,11.35,11.35,11.35
674,40.85,74.73,120.97,165.7,182.02,182.02,182.02,182.02,182.02,182.02
675,44.88,62.87,62.87,62.87,62.87,62.87,62.87,62.87,62.87,62.87
676,39.72,51.47,51.47,51.47,51.47,51.47,51.47,51.47,51.47,51.47
677,32.94,65.26,108.72,141.61,176.03,197.6,216.12,216.53,216.53,216.53
678,49.12,79.12,84.56,84.56,84.56,84.56,84.56,84.56,84.56,84.56
679,37.46,70.66,115.05,135.62,135.62,135.62,135.62,135.62,135.62,135.62
680,48.31,90.06,97.01,97.01,97.01,97.01,97.01,97.01,97.01,97.01
681,48.29,60.17,60.17,60.17,60.17,60.17,60.17,60.17,60.17,60.17
682,39.3,39.52,39.52,39.52,39.52,39.52,39.52,39.52,39.52,39.52
683,47.8,96.22,135.88,183.21,206.21,206.21,206.21,206.21,206.21,206.21
684,40.88,42.57,42.57,42.57,42.57,42.57,42.57,42.57,42.57,42.57
685,45.92,74.04,74.14,74.14,74.14,74.14,74.14,74.14,74.14,74.14
686,48.89,84.32,98.08,144.16,192.54,228.11,230.07,230.07,230.07,230.07
687,33.45,77.69,120.87,122.95,122.95,122.95,122.95,122.95,122.95,122.95
688,46.96,90.36,134.03,182.28,223.89,264.9,305.22,346.47,369.93,369.94
689,45.5,80.04,85.79,85.79,85.79,85.79,85.79,85.79,85.79,85.79
690,47.76,97.89,116.28,116.28,116.28,116.28,116.28,116.28,116.28,116.28
691,33.25,33.25,33.25,33.25,33.25,33.25,33.25,33.25,33.25,33.25
692,44.18,79.03,105.29,128.9,129.2,129.2,129.2,129.2,129.2,129.2
693,47.16,62.36,66.61,66.61,66.61,66.61,66.61,66.61,66.61,66.61
694,45.94,95.7,125.52,158.37,197.99,243.08,274.09,276.84,276.84,276.84
695,48.26,94.73,130.37,131.05,131.05,131.05,131.05,131.05,131.05,131.05
696,18.65,18.65,18.65,18.65,18.65,18.65,18.65,18.65,18.65,18.65
697,41.14,84.42,131.38,173.66,211.37,230.32,230.32,230.32,230.32,230.32
698,48.91,91.69,94.35,94.35,94.35,94.35,94.35,94.35,94.35,94.35
699,47.42,94.03,119.27,119.27,119.27,119.27,119.27,119.27,119.27,119.27
700,41.91,80.16,102.92,102.92,102.92,102.92,102.92,102.92,102.92,102.92
701,34.7,34.7,34.7,34.7,34.7,34.7,34.7,34.7,34.7,34.7
702,28.58,28.58,28.58,28.58,28.58,28.58,28.58,28.58,28.58,28.58
703,37.53,84.43,127.85,153.66,153.66,153.66,153.66,153.66,153.66,153.66
704,28.48,28.48,28.48,28.48,28.48,28.48,28.48,28.48,28.48,28.48
705,43.84,79.79,113.22,114.41,114.41,114.41,114.41,114.41,114.41,114.41
706,26.64,26.64,26.64,26.64,26.64,26.64,26.64,26.64,26.64,26.64
707,27.59,27.59,27.59,27.59,27.59,27.59,27.59,27.59,27.59,27.59
708,19.69,19.69,19.69,19.69,19.69,19.69,19.69,19.69,19.69,19.69
709,45.42,52.81,52.81,52.81,52.81,52.81,52.81,52.81,52.81,52.81
710,47.83,93.55,115.72,134.44,134.44,134.44,134.44,134.44,134.44,134.44
711,28.48,38.05,38.05,38.05,38.05,38.05,38.05,38.05,38.05,38.05
712,50.45,81.42,128.6,167.23,167.23,167.23,167.23,167.23,167.23,167.23
713,48.83,84.25,102.54,103.64,103.64,103.64,103.64,103.64,103.64,103.64
714,45.12,64.27,64.27,64.27,64.27,64.27,64.27,64.27,64.27,64.27
715,46.82,87.51,118.06,148.78,160.51,160.51,160.51,160.51,160.51,160.51
716,44.12,90.85,128.16,156.12,180.08,214.65,227.49,227.49,227.49,227.49
717,49.56,93.2,103.29,103.29,103.29,103.29,103.29,103.29,103.29,103.29
718,50.11,97.19,136.78,138.56,138.56,138.56,138.56,138.56,138.56,138.56
719,46.02,88.28,134.13,169.62,217.34,262.56,306.45,331.62,331.71,331.71
720,24.71,24.71,24.71,24.71,24.71,24.71,24.71,24.71,24.71,24.71
721,28.64,57.37,80.66,129.32,167.47,193.7,193.7,193.7,193.7,193.7
722,45.72,54.31,54.31,54.31,54.31,54.31,54.31,54.31,54.31,54.31
723,42.32,54.26,54.26,54.26,54.26,54.26,54.26,54.26,54.26,54.26
724,47.65,97.4,142.35,189.1,232.81,242.98,242.98,242.98,242.98,242.98
725,40.37,76.52,94.49,94.49,94.49,94.49,94.49,94.49,94.49,94.49
726,36.86,65.97,68.67,68.67,68.67,68.67,68.67,68.67,68.67,68.67
727,37.99,37.99,37.99,37.99,37.99,37.99,37.99,37.99,37.99,37.99
728,21.61,21.61,21.61,21.61,21.61,21.61,21.61,21.61,21.61,21.61
729,36.59,36.62,36.62,36.62,36.62,36.62,36.62,36.62,36.62,36.62
730,40.02,81.91,104.48,104.48,104.48,104.48,104.48,104.48,104.48,104.48
731,44.01,83.69,89.22,89.22,89.22,89.22,89.22,89.22,89.22,89.22
732,48.36,62.47,62.47,62.47,62.47,62.47,62.47,62.47,62.47,62.47
733,49.52,93.8,127.89,128.26,128.26,128.26,128.26,128.26,128.26,128.26
734,41.45,67.63,74.62,74.62,74.62,74.62,74.62,74.62,74.62,74.62
735,44.31,75.96,106.95,117.97,117.97,117.97,117.97,117.97,117.97,117.97
736,35.98,68.96,109.52,112.83,112.83,112.83,112.83,112.83,112.83,112.83
737,48.61,75.56,85.71,85.71,85.71,85.71,85.71,85.71,85.71,85.71
738,29.72,31.26,31.26,31.26,31.26,31.26,31.26,31.26,31.26,31.26
739,47.24,76.41,78.71,78.71,78.71,78.71,78.71,78.71,78.71,78.71
740,41.3,55.46,55.46,55.46,55.46,55.46,55.46,55.46,55.46,55.46
741,45.74,86.19,123.23,154.94,204.2,248.54,271.45,271.45,271.45,271.45
742,40.16,68,105.74,144.73,186.1,208.82,208.82,208.82,208.82,208.82
743,47.79,89.51,98.33,98.33,98.33,98.33,98.33,98.33,98.33,98.33
744,36.55,36.55,36.55,36.55,36.55,36.55,36.55,36.55,36.55,36.55
745,43.64,45.14,45.14,45.14,45.14,45.14,45.14,45.14,45.14,45.14
746,34.63,67.31,110.43,126.83,126.83,126.83,126.83,126.83,126.83,126.83
747,25.1,67.74,74.81,74.81,74.81,74.81,74.81,74.81,74.81,74.81
748,34.78,35.31,35.31,35.31,35.31,35.31,35.31,35.31,35.31,35.31
749,24.93,52.04,83.84,121.7,129.6,129.6,129.6,129.6,129.6,129.6
750,49.5,93.56,139.28,188.34,237.38,284.01,293.86,293.86,293.86,293.86
751,43.18,89.76,128.58,131.08,131.08,131.08,131.08,131.08,131.08,131.08
752,47.78,95.57,142.49,188.49,227.93,265.21,284.43,286.69,286.69,286.69
753,28.27,28.27,28.27,28.27,28.27,28.27,28.27,28.27,28.27,28.27
754,9.87,9.87,9.87,9.87,9.87,9.87,9.87,9.87,9.87,9.87
755,31.74,31.74,31.74,31.74,31.74,31.74,31.74,31.74,31.74,31.74
756,23.74,23.74,23.74,23.74,23.74,23.74,23.74,23.74,23.74,23.74
757,27.62,27.62,27.62,27.62,27.62,27.62,27.62,27.62,27.62,27.62
758,47.77,95.71,133.51,136.39,136.39,136.39,136.39,136.39,136.39,136.39
759,49.1,93.51,100.22,100.22,100.22,100.22,100.22,100.22,100.22,100.22
760,45.61,92.53,141.15,189.32,237.28,251.18,251.18,251.18,251.18,251.18
761,45.45,72.18,75.33,75.33,75.33,75.33,75.33,75.33,75.33,75.33
762,47.5,78.98,78.98,78.98,78.98,78.98,78.98,78.98,78.98,78.98
763,38.58,67.31,80.37,80.37,80.37,80.37,80.37,80.37,80.37,80.37
764,20.4,20.4,20.4,20.4,20.4,20.4,20.4,20.4,20.4,20.4
765,20.76,20.76,20.76,20.76,20.76,20.76,20.76,20.76,20.76,20.76
766,47.3,94.35,131.06,175.75,178.44,178.44,178.44,178.44,178.44,178.44
767,41.03,87.74,112.15,113.34,113.34,113.34,113.34,113.34,113.34,113.34
768,36.27,75.81,110.43,110.6,110.6,110.6,110.6,110.6,110.6,110.6
769,44,67.47,67.47,67.47,67.47,67.47,67.47,67.47,67.47,67.47
770,46.85,84.23,105.33,138.27,148.31,148.31,148.31,148.31,148.31,148.31
771,50.02,73.4,77.83,77.83,77.83,77.83,77.83,77.83,77.83,77.83
772,44.56,67.81,67.81,67.81,67.81,67.81,67.81,67.81,67.81,67.81
773,42.1,80.72,93.76,93.84,93.84,93.84,93.84,93.84,93.84,93.84
774,48.02,72.6,72.6,72.6,72.6,72.6,72.6,72.6,72.6,72.6
775,26.24,26.24,26.24,26.24,26.24,26.24,26.24,26.24,26.24,26.24
776,47.47,64.51,64.51,64.51,64.51,64.51,64.51,64.51,64.51,64.51
777,46.95,93.27,127.69,133.53,133.53,133.53,133.53,133.53,133.53,133.53
778,48.33,95.27,110.84,110.84,110.84,110.84,110.84,110.84,110.84,110.84
779,32.27,32.27,32.27,32.27,32.27,32.27,32.27,32.27,32.27,32.27
780,48.05,53.26,53.26,53.26,53.26,53.26,53.26,53.26,53.26,53.26
781,40.35,40.42,40.42,40.42,40.42,40.42,40.42,40.42,40.42,40.42
782,49.33,54.16,54.16,54.16,54.16,54.16,54.16,54.16,54.16,54.16
783,46.75,74.43,75.09,75.09,75.09,75.09,75.09,75.09,75.09,75.09
784,48.11,80.89,99.31,107.05,107.05,107.05,107.05,107.05,107.05,107.05
785,22.56,22.56,22.56,22.56,22.56,22.56,22.56,22.56,22.56,22.56
786,46.55,85.37,131.82,172.4,220.66,240.2,240.2,240.2,240.2,240.2
787,48.9,82.52,85.41,85.41,85.41,85.41,85.41,85.41,85.41,85.41
788,47.57,98.19,138.69,159.03,159.03,159.03,159.03,159.03,159.03,159.03
789,49.07,97.85,138.27,139.46,139.46,139.46,139.46,139.46,139.46,139.46
790,32.76,47.82,47.82,47.82,47.82,47.82,47.82,47.82,47.82,47.82
791,46.25,91.27,92.55,92.55,92.55,92.55,92.55,92.55,92.55,92.55
792,49.15,94.44,136.05,173.19,191.71,191.71,191.71,191.71,191.71,191.71
793,47.8,62.44,62.44,62.44,62.44,62.44,62.44,62.44,62.44,62.44
794,49.1,98.49,144.21,188.86,237.09,268.66,268.66,268.66,268.66,268.66
795,39.87,72.01,110.96,156.85,204.25,242.34,244.28,244.28,244.28,244.28
796,46.32,77.03,105.48,134.79,134.79,134.79,134.79,134.79,134.79,134.79
797,46.36,60.29,60.29,60.29,60.29,60.29,60.29,60.29,60.29,60.29
798,17.77,17.77,17.77,17.77,17.77,17.77,17.77,17.77,17.77,17.77
799,27.69,71.14,96.34,131.87,177.88,224.22,250.27,282.71,294.99,294.99
800,45.17,89.67,125.6,138.37,158.65,161.11,161.11,161.11,161.11,161.11
801,13,13,13,13,13,13,13,13,13,13
802,17.04,17.04,17.04,17.04,17.04,17.04,17.04,17.04,17.04,17.04
803,43.72,93.49,140.92,169.34,175.6,175.6,175.6,175.6,175.6,175.6
804,43.02,43.65,43.65,43.65,43.65,43.65,43.65,43.65,43.65,43.65
805,21.51,21.51,21.51,21.51,21.51,21.51,21.51,21.51,21.51,21.51
806,43.44,86.47,107.31,108.62,108.62,108.62,108.62,108.62,108.62,108.62
807,20.99,20.99,20.99,20.99,20.99,20.99,20.99,20.99,20.99,20.99
808,44.92,57.17,57.17,57.17,57.17,57.17,57.17,57.17,57.17,57.17
809,48.17,95.05,139.54,174.74,214.83,234.86,234.86,234.86,234.86,234.86
810,47.58,92.72,139.16,162.97,162.97,162.97,162.97,162.97,162.97,162.97
811,48.41,92.64,138.49,158.98,158.98,158.98,158.98,158.98,158.98,158.98
812,45.4,70.06,70.06,70.06,70.06,70.06,70.06,70.06,70.06,70.06
813,35.85,50.14,50.14,50.14,50.14,50.14,50.14,50.14,50.14,50.14
814,48.39,92.63,141.47,166.39,166.39,166.39,166.39,166.39,166.39,166.39
815,45.99,84.4,86.72,86.72,86.72,86.72,86.72,86.72,86.72,86.72
816,45.32,65.59,65.59,65.59,65.59,65.59,65.59,65.59,65.59,65.59
817,44.93,57.89,57.89,57.89,57.89,57.89,57.89,57.89,57.89,57.89
818,41.84,64.95,88.82,111.28,113.47,113.47,113.47,113.47,113.47,113.47
819,40.41,40.59,40.59,40.59,40.59,40.59,40.59,40.59,40.59,40.59
820,40.37,65.11,66.5,66.5,66.5,66.5,66.5,66.5,66.5,66.5
821,28.87,37.62,37.62,37.62,37.62,37.62,37.62,37.62,37.62,37.62
822,47.68,78.12,96.51,96.51,96.51,96.51,96.51,96.51,96.51,96.51
823,50.26,89.83,92.8,92.8,92.8,92.8,92.8,92.8,92.8,92.8
824,38.82,83.23,97.66,97.66,97.66,97.66,97.66,97.66,97.66,97.66
825,47.34,80.52,81.59,81.59,81.59,81.59,81.59,81.59,81.59,81.59
826,47.01,93.24,127.72,139.23,139.23,139.23,139.23,139.23,139.23,139.23
827,43.84,88.79,130.24,160.5,176.85,176.85,176.85,176.85,176.85,176.85
828,14.61,14.61,14.61,14.61,14.61,14.61,14.61,14.61,14.61,14.61
829,33.39,37.13,37.13,37.13,37.13,37.13,37.13,37.13,37.13,37.13
830,45.67,59.95,59.95,59.95,59.95,59.95,59.95,59.95,59.95,59.95
831,47.48,95.11,140.68,167.78,172.38,172.38,172.38,172.38,172.38,172.38
832,41.75,84.34,132.9,178.24,206.19,241.06,259.78,268.53,268.53,268.53
833,30.46,51.65,66.32,66.32,66.32,66.32,66.32,66.32,66.32,66.32
834,49.52,98.3,118.05,118.05,118.05,118.05,118.05,118.05,118.05,118.05
835,38.49,60.02,60.02,60.02,60.02,60.02,60.02,60.02,60.02,60.02
836,41.2,87.62,90.75,90.75,90.75,90.75,90.75,90.75,90.75,90.75
837,46.85,87.59,127.85,171.42,175.6,175.6,175.6,175.6,175.6,175.6
838,40.84,52.82,52.82,52.82,52.82,52.82,52.82,52.82,52.82,52.82
839,44.85,90.49,113.44,118.23,118.23,118.23,118.23,118.23,118.23,118.23
840,46.66,53,53,53,53,53,53,53,53,53
841,46.83,78.05,89.71,89.71,89.71,89.71,89.71,89.71,89.71,89.71
842,40.91,85.39,98.48,98.48,98.48,98.48,98.48,98.48,98.48,98.48
843,45.32,79.62,121.83,127.35,127.35,127.35,127.35,127.35,127.35,127.35
844,47.92,90.87,90.9,90.9,90.9,90.9,90.9,90.9,90.9,90.9
845,47.26,85.01,125.25,163.28,205.24,207.86,207.86,207.86,207.86,207.86
846,21.92,21.92,21.92,21.92,21.92,21.92,21.92,21.92,21.92,21.92
847,46.84,96.41,135.75,141.39,141.39,141.39,141.39,141.39,141.39,141.39
848,35.24,59.74,83.59,83.59,83.59,83.59,83.59,83.59,83.59,83.59
849,21.44,21.44,21.44,21.44,21.44,21.44,21.44,21.44,21.44,21.44
850,46.45,56.84,56.84,56.84,56.84,56.84,56.84,56.84,56.84,56.84
851,29.66,29.66,29.66,29.66,29.66,29.66,29.66,29.66,29.66,29.66
852,46.83,94.69,130.95,177.22,224.07,270.84,316.11,345.37,346.39,346.39
853,18.68,18.68,18.68,18.68,18.68,18.68,18.68,18.68,18.68,18.68
854,48.89,96.01,144.05,177.54,222.23,237.42,237.42,237.42,237.42,237.42
855,17.42,17.42,17.42,17.42,17.42,17.42,17.42,17.42,17.42,17.42
856,40.19,40.9,40.9,40.9,40.9,40.9,40.9,40.9,40.9,40.9
857,32.17,70.99,95.09,95.09,95.09,95.09,95.09,95.09,95.09,95.09
858,37.67,57.53,57.53,57.53,57.53,57.53,57.53,57.53,57.53,57.53
859,42.43,84.5,91.35,91.35,91.35,91.35,91.35,91.35,91.35,91.35
860,48.59,95.47,133.69,134.9,134.9,134.9,134.9,134.9,134.9,134.9
861,41.86,67.41,70.09,70.09,70.09,70.09,70.09,70.09,70.09,70.09
862,20.36,20.36,20.36,20.36,20.36,20.36,20.36,20.36,20.36,20.36
863,40.03,82.16,90.77,90.77,90.77,90.77,90.77,90.77,90.77,90.77
864,40.1,45.75,45.75,45.75,45.75,45.75,45.75,45.75,45.75,45.75
865,40.98,66.93,87.19,90.41,90.41,90.41,90.41,90.41,90.41,90.41
866,45.15,49.37,49.37,49.37,49.37,49.37,49.37,49.37,49.37,49.37
867,47.09,52.67,52.67,52.67,52.67,52.67,52.67,52.67,52.67,52.67
868,47.27,75.12,75.12,75.12,75.12,75.12,75.12,75.12,75.12,75.12
869,10.7,10.7,10.7,10.7,10.7,10.7,10.7,10.7,10.7,10.7
870,34.94,36.09,36.09,36.09,36.09,36.09,36.09,36.09,36.09,36.09
871,47.73,83.01,89.49,89.49,89.49,89.49,89.49,89.49,89.49,89.49
872,36.13,78.79,122.79,162.86,165.6,165.6,165.6,165.6,165.6,165.6
873,31.3,31.75,31.75,31.75,31.75,31.75,31.75,31.75,31.75,31.75
874,29.68,29.68,29.68,29.68,29.68,29.68,29.68,29.68,29.68,29.68
875,35.24,77.91,92.06,92.06,92.06,92.06,92.06,92.06,92.06,92.06
876,36.34,50.78,55.04,55.04,55.04,55.04,55.04,55.04,55.04,55.04
877,49.09,76.59,77.42,77.42,77.42,77.42,77.42,77.42,77.42,77.42
878,39.87,87.21,130.86,165.4,166.58,166.58,166.58,166.58,166.58,166.58
879,45.32,46.67,46.67,46.67,46.67,46.67,46.67,46.67,46.67,46.67
880,44.94,88.39,130.89,157.5,157.58,157.58,157.58,157.58,157.58,157.58
881,42.73,43.9,43.9,43.9,43.9,43.9,43.9,43.9,43.9,43.9
882,48.47,62.62,62.62,62.62,62.62,62.62,62.62,62.62,62.62,62.62
883,48.86,94.9,127.48,127.97,127.97,127.97,127.97,127.97,127.97,127.97
884,48.73,55.83,55.83,55.83,55.83,55.83,55.83,55.83,55.83,55.83
885,30.27,56.84,56.89,56.89,56.89,56.89,56.89,56.89,56.89,56.89
886,33.31,34.38,34.38,34.38,34.38,34.38,34.38,34.38,34.38,34.38
887,32.86,69.7,113.77,152.59,154.16,154.16,154.16,154.16,154.16,154.16
888,48.71,65.03,65.03,65.03,65.03,65.03,65.03,65.03,65.03,65.03
889,45.39,63,63,63,63,63,63,63,63,63
890,28.46,60.63,95.81,96.36,96.36,96.36,96.36,96.36,96.36,96.36
891,38.79,68.97,104.06,124.37,124.37,124.37,124.37,124.37,124.37,124.37
892,14.7,14.7,14.7,14.7,14.7,14.7,14.7,14.7,14.7,14.7
893,44.01,89.01,99.34,99.34,99.34,99.34,99.34,99.34,99.34,99.34
894,45.92,87.94,122.32,171.01,215.61,249.7,266.36,266.36,266.36,266.36
895,34.29,81.49,127.97,146.7,146.7,146.7,146.7,146.7,146.7,146.7
896,23.44,62.77,106.66,115.5,115.5,115.5,115.5,115.5,115.5,115.5
897,39.84,72.22,72.31,72.31,72.31,72.31,72.31,72.31,72.31,72.31
898,40.18,67.52,100,120.68,162.09,181.1,181.1,181.1,181.1,181.1
899,29.58,29.58,29.58,29.58,29.58,29.58,29.58,29.58,29.58,29.58
900,46.15,70.18,70.18,70.18,70.18,70.18,70.18,70.18,70.18,70.18
901,48.68,97.38,137.55,182.13,231.49,258.04,282.76,297.33,297.33,297.33
902,38.58,40.37,40.37,40.37,40.37,40.37,40.37,40.37,40.37,40.37
903,49.66,96.93,141.18,178.49,225.51,254.27,286.27,296.61,296.61,296.61
904,47.9,62.58,62.58,62.58,62.58,62.58,62.58,62.58,62.58,62.58
905,37.09,40.79,40.79,40.79,40.79,40.79,40.79,40.79,40.79,40.79
906,49.84,86.51,119.29,152.84,191.95,206.46,206.46,206.46,206.46,206.46
907,18.11,18.11,18.11,18.11,18.11,18.11,18.11,18.11,18.11,18.11
908,43.32,55.55,55.55,55.55,55.55,55.55,55.55,55.55,55.55,55.55
909,21.83,21.83,21.83,21.83,21.83,21.83,21.83,21.83,21.83,21.83
910,43.82,57.98,57.98,57.98,57.98,57.98,57.98,57.98,57.98,57.98
911,46.7,76.49,112.2,115.32,115.32,115.32,115.32,115.32,115.32,115.32
912,38.9,78.7,111.89,146.73,179.23,220.2,262.84,266.18,266.18,266.18
913,27.93,30.84,30.84,30.84,30.84,30.84,30.84,30.84,30.84,30.84
914,43.62,86.37,92.83,92.83,92.83,92.83,92.83,92.83,92.83,92.83
915,26.15,26.15,26.15,26.15,26.15,26.15,26.15,26.15,26.15,26.15
916,37.76,75.31,83.34,83.34,83.34,83.34,83.34,83.34,83.34,83.34
917,40.08,53.32,53.32,53.32,53.32,53.32,53.32,53.32,53.32,53.32
918,27.64,31.52,31.52,31.52,31.52,31.52,31.52,31.52,31.52,31.52
919,36.74,67.12,94.25,102.46,102.46,102.46,102.46,102.46,102.46,102.46
920,42.4,44.16,44.16,44.16,44.16,44.16,44.16,44.16,44.16,44.16
921,41.57,57.15,57.15,57.15,57.15,57.15,57.15,57.15,57.15,57.15
922,50.38,100.35,128.15,141.98,141.98,141.98,141.98,141.98,141.98,141.98
923,45.48,56.08,56.08,56.08,56.08,56.08,56.08,56.08,56.08,56.08
924,41.94,88.77,130.64,155.81,200.47,204.57,204.57,204.57,204.57,204.57
925,47.58,94.33,106.15,106.15,106.15,106.15,106.15,106.15,106.15,106.15
926,41.96,60.11,60.11,60.11,60.11,60.11,60.11,60.11,60.11,60.11
927,34.13,34.13,34.13,34.13,34.13,34.13,34.13,34.13,34.13,34.13
928,48.75,81.9,105.92,128.69,172.68,209.02,222.36,222.36,222.36,222.36
929,42.15,86.58,98.91,98.91,98.91,98.91,98.91,98.91,98.91,98.91
930,48.07,95.5,131.6,132.92,132.92,132.92,132.92,132.92,132.92,132.92
931,15.64,15.64,15.64,15.64,15.64,15.64,15.64,15.64,15.64,15.64
932,35.08,62.8,73.33,73.33,73.33,73.33,73.33,73.33,73.33,73.33
933,47.13,80.49,81.28,81.28,81.28,81.28,81.28,81.28,81.28,81.28
934,47.19,85.4,105.54,113.17,113.17,113.17,113.17,113.17,113.17,113.17
935,26.37,26.37,26.37,26.37,26.37,26.37,26.37,26.37,26.37,26.37
936,32.67,33.14,33.14,33.14,33.14,33.14,33.14,33.14,33.14,33.14
937,49.37,64.55,64.55,64.55,64.55,64.55,64.55,64.55,64.55,64.55
938,47.02,87.41,126.05,171.6,212.77,260.8,309.57,350.29,353.04,353.04
939,28.76,30.69,30.69,30.69,30.69,30.69,30.69,30.69,30.69,30.69
940,36.66,37.47,37.47,37.47,37.47,37.47,37.47,37.47,37.47,37.47
941,39.37,86.23,125.62,170.72,207.57,236.94,241.29,241.29,241.29,241.29
942,41.87,44.13,44.13,44.13,44.13,44.13,44.13,44.13,44.13,44.13
943,47.73,80.21,96.13,96.13,96.13,96.13,96.13,96.13,96.13,96.13
944,44.82,52.29,52.29,52.29,52.29,52.29,52.29,52.29,52.29,52.29
945,38.49,52.12,52.12,52.12,52.12,52.12,52.12,52.12,52.12,52.12
946,49.98,94,138.25,185.78,234.63,270.92,290.1,290.1,290.1,290.1
947,45.07,90.53,135.26,163.21,167.37,167.37,167.37,167.37,167.37,167.37
948,38.26,53.21,53.68,53.68,53.68,53.68,53.68,53.68,53.68,53.68
949,45.96,93.49,136.64,170.65,170.65,170.65,170.65,170.65,170.65,170.65
950,47.2,90.57,121.69,131.96,131.96,131.96,131.96,131.96,131.96,131.96
951,46.03,49.35,49.35,49.35,49.35,49.35,49.35,49.35,49.35,49.35
952,46.15,91,107.98,107.98,107.98,107.98,107.98,107.98,107.98,107.98
953,34.51,34.51,34.51,34.51,34.51,34.51,34.51,34.51,34.51,34.51
954,47.43,95.26,136.81,163.42,167.25,167.25,167.25,167.25,167.25,167.25
955,13.83,13.83,13.83,13.83,13.83,13.83,13.83,13.83,13.83,13.83
956,41.49,79.49,114.82,152.82,152.83,152.83,152.83,152.83,152.83,152.83
957,24.6,24.6,24.6,24.6,24.6,24.6,24.6,24.6,24.6,24.6
958,43.89,57.31,95.51,142.39,178.97,195.43,195.43,195.43,195.43,195.43
959,38.18,54.45,58.78,58.78,58.78,58.78,58.78,58.78,58.78,58.78
960,46.02,78.7,80.07,80.07,80.07,80.07,80.07,80.07,80.07,80.07
961,44.78,46.61,46.61,46.61,46.61,46.61,46.61,46.61,46.61,46.61
962,43.73,72.88,76.48,76.48,76.48,76.48,76.48,76.48,76.48,76.48
963,42.05,49.14,49.14,49.14,49.14,49.14,49.14,49.14,49.14,49.14
964,37.12,37.13,37.13,37.13,37.13,37.13,37.13,37.13,37.13,37.13
965,47.35,85.31,130.69,175.09,222.23,248.48,249.4,249.4,249.4,249.4
966,48.32,95.09,134.31,137.12,137.12,137.12,137.12,137.12,137.12,137.12
967,46.4,90.61,132.54,163.73,168.38,168.38,168.38,168.38,168.38,168.38
968,39.69,78.93,87.05,87.05,87.05,87.05,87.05,87.05,87.05,87.05
969,46.17,78.55,78.55,78.55,78.55,78.55,78.55,78.55,78.55,78.55
970,44.43,55.54,55.54,55.54,55.54,55.54,55.54,55.54,55.54,55.54
971,24.88,24.88,24.88,24.88,24.88,24.88,24.88,24.88,24.88,24.88
972,35.93,62.75,90.36,122.78,170.11,189.19,189.19,189.19,189.19,189.19
973,45.39,48.89,48.89,48.89,48.89,48.89,48.89,48.89,48.89,48.89
974,44.42,91.48,93.57,93.57,93.57,93.57,93.57,93.57,93.57,93.57
975,29.7,30.47,30.47,30.47,30.47,30.47,30.47,30.47,30.47,30.47
976,31.17,31.17,31.17,31.17,31.17,31.17,31.17,31.17,31.17,31.17
977,48.15,83.54,84.26,84.26,84.26,84.26,84.26,84.26,84.26,84.26
978,49.36,69.69,69.69,69.69,69.69,69.69,69.69,69.69,69.69,69.69
979,46.12,66.73,66.73,66.73,66.73,66.73,66.73,66.73,66.73,66.73
980,42.1,52.7,52.7,52.7,52.7,52.7,52.7,52.7,52.7,52.7
981,48.54,87.9,114.39,141.92,182.05,222.72,222.73,222.73,222.73,222.73
982,38.7,48.95,49.74,49.74,49.74,49.74,49.74,49.74,49.74,49.74
983,29.92,52.84,72.92,75.74,75.74,75.74,75.74,75.74,75.74,75.74
984,18.78,18.78,18.78,18.78,18.78,18.78,18.78,18.78,18.78,18.78
985,47.24,60.15,60.15,60.15,60.15,60.15,60.15,60.15,60.15,60.15
986,48.81,72.47,72.47,72.47,72.47,72.47,72.47,72.47,72.47,72.47
987,46.77,93.25,140.75,169.52,169.77,169.77,169.77,169.77,169.77,169.77
988,30.91,30.91,30.91,30.91,30.91,30.91,30.91,30.91,30.91,30.91
989,47,81.73,127.22,161.6,179.43,210.46,245.62,294.59,337.15,382.77
990,48.57,95.21,144.24,164.92,164.92,164.92,164.92,164.92,164.92,164.92
991,49.38,88.78,92.77,92.77,92.77,92.77,92.77,92.77,92.77,92.77
992,47.46,71.16,71.16,71.16,71.16,71.16,71.16,71.16,71.16,71.16
993,46.2,78.89,122.82,124.51,124.51,124.51,124.51,124.51,124.51,124.51
994,25.04,25.04,25.04,25.04,25.04,25.04,25.04,25.04,25.04,25.04
995,46.81,90.57,132.92,173.05,215.22,228.96,228.96,228.96,228.96,228.96
996,36.11,41.12,41.12,41.12,41.12,41.12,41.12,41.12,41.12,41.12
997,46.57,57.63,57.63,57.63,57.63,57.63,57.63,57.63,57.63,57.63
998,46.94,88.56,107.69,139.73,174.91,215.85,225.49,225.49,225.49,225.49
999,46.04,73.18,73.18,73.18,73.18,73.18,73.18,73.18,73.18,73.18
